image: map16.pgm
resolution: 0.050000
origin: [-47.13681520143272,-49.263354480408694, 0.000000]
negate: 0
occupied_thresh: 0.45
free_thresh: 0.196