image: map3.pgm
resolution: 0.050000
origin: [-45.19888422830451,-49.65498415820386, 0.000000]
negate: 0
occupied_thresh: 0.45
free_thresh: 0.196